30 40 
30 5 
30 1 
30 1829727552 
30 1 
30 -224657152 
30 1 
30 1829727489 
30 0 
40 5 
40 1 
40 1829727552 
40 1 
40 -224657152 
40 1 
40 1829727489 
40 0 
5 1 
5 1829727552 
5 1 
5 -224657152 
5 1 
5 1829727489 
5 0 
1 1829727552 
1 1 
1 -224657152 
1 1 
1 1829727489 
1 0 
1829727552 1 
1829727552 -224657152 
1829727552 1 
1829727552 1829727489 
1829727552 0 
1 -224657152 
1 1 
1 1829727489 
1 0 
-224657152 1 
-224657152 1829727489 
-224657152 0 
1 1829727489 
1 0 
1829727489 0 
1829727552 1 
1829727552 47220492 
1829727552 1 
1829727552 1829727552 
1829727552 1 
1829727552 10 
1829727552 0 
1829727552 1829727488 
1829727552 0 
1 47220492 
1 1 
1 1829727552 
1 1 
1 10 
1 0 
1 1829727488 
1 0 
47220492 1 
47220492 1829727552 
47220492 1 
47220492 10 
47220492 0 
47220492 1829727488 
47220492 0 
1 1829727552 
1 1 
1 10 
1 0 
1 1829727488 
1 0 
1829727552 1 
1829727552 10 
1829727552 0 
1829727552 1829727488 
1829727552 0 
1 10 
1 0 
1 1829727488 
1 0 
10 0 
10 1829727488 
10 0 
0 1829727488 
0 0 
1829727488 0 
1829727552 1 
1829727552 47220492 
1829727552 1 
1829727552 1829727552 
1829727552 1 
1829727552 10 
1829727552 0 
1829727552 1829727488 
1829727552 0 
1 47220492 
1 1 
1 1829727552 
1 1 
1 10 
1 0 
1 1829727488 
1 0 
47220492 1 
47220492 1829727552 
47220492 1 
47220492 10 
47220492 0 
47220492 1829727488 
47220492 0 
1 1829727552 
1 1 
1 10 
1 0 
1 1829727488 
1 0 
1829727552 1 
1829727552 10 
1829727552 0 
1829727552 1829727488 
1829727552 0 
1 10 
1 0 
1 1829727488 
1 0 
10 0 
10 1829727488 
10 0 
0 1829727488 
0 0 
1829727488 0 
1829727552 1 
1829727552 47220492 
1829727552 1 
1829727552 1829727552 
1829727552 1 
1829727552 10 
1829727552 0 
1829727552 1829727488 
1829727552 0 
1 47220492 
1 1 
1 1829727552 
1 1 
1 10 
1 0 
1 1829727488 
1 0 
47220492 1 
47220492 1829727552 
47220492 1 
47220492 10 
47220492 0 
47220492 1829727488 
47220492 0 
1 1829727552 
1 1 
1 10 
1 0 
1 1829727488 
1 0 
1829727552 1 
1829727552 10 
1829727552 0 
1829727552 1829727488 
1829727552 0 
1 10 
1 0 
1 1829727488 
1 0 
10 0 
10 1829727488 
10 0 
0 1829727488 
0 0 
1829727488 0 
1829727552 1 
1829727552 47220492 
1829727552 1 
1829727552 1829727552 
1829727552 1 
1829727552 10 
1829727552 0 
1829727552 1829727488 
1829727552 0 
1 47220492 
1 1 
1 1829727552 
1 1 
1 10 
1 0 
1 1829727488 
1 0 
47220492 1 
47220492 1829727552 
47220492 1 
47220492 10 
47220492 0 
47220492 1829727488 
47220492 0 
1 1829727552 
1 1 
1 10 
1 0 
1 1829727488 
1 0 
1829727552 1 
1829727552 10 
1829727552 0 
1829727552 1829727488 
1829727552 0 
1 10 
1 0 
1 1829727488 
1 0 
10 0 
10 1829727488 
10 0 
0 1829727488 
0 0 
1829727488 0 
